12
ID: 1567066300022352464
C:  1.077309  0.000000  -0.000014
C:  0.286113  1.209101  -0.000003
C:  -1.097619  1.196760  0.000012
C:  -1.823396  0.000000  0.000013
C:  -1.097619  -1.196759  0.000010
C:  0.286113  -1.209102  -0.000005
H:  0.829304  2.149743  -0.000005
H:  -1.634545  2.143825  0.000017
H:  -2.907447  0.000000  0.000035
H:  -1.634545  -2.143825  0.000013
H:  0.829303  -2.149744  -0.000009
O  2.341566  0.000000  -0.000016
